geofence:
- lat: 13.823994083333334
  lon: 100.51080613333333
- lat: 13.823972683333333
  lon: 100.5108264
- lat: 13.82394095
  lon: 100.51079111666667
- lat: 13.82396215
  lon: 100.51076663333333
geofence_xy:
- x: 7.483635456209518
  y: 19.640694519659053
- x: 9.771839443995718
  y: 17.261851175039016
- x: 5.9164252247806335
  y: 13.627195740988014
- x: 3.136648801449618
  y: 15.90100511095265
