geofence:
- alt: 0.3509973771870136
  lat: -3.328136017725241e-07
  lon: -4.550344740329925e-05
- alt: 0.35099818743765354
  lat: -4.3990490400053225e-05
  lon: -4.481522246241452e-05
- alt: 0.35100238490849733
  lat: -4.739839215546055e-05
  lon: 7.756626957450308e-05
- alt: 0.35100104566663504
  lat: -3.7475891530751863e-07
  lon: 7.529885907803138e-05
